0	0	0
0	0	0
0	0	0
0	0	0
0	0	0
0	0	0
0	0	0
0	0	0
0	0	0
0	0	0
0	0	0
0	0	0
0	0	0
0	0	0
50	0	0
50	0	0
50	0	0
50	0	0
50	0	0
50	0	0
50	0	0
50	0	0
50	0	0
50	0	0
50	0	0
50	0	0
50	0	0
50	0	0
100	21	22
100	21	22
100	21	22
100	21	22
100	21	22
100	21	22
100	21	22
100	21	22
100	21	22
100	21	22
100	21	22
100	21	22
100	21	22
100	21	22
150	47	48
150	47	48
150	47	48
150	47	48
150	47	48
150	47	48
150	47	48
150	47	48
150	47	48
150	47	48
150	47	48
150	47	48
150	47	48
150	47	48
150	47	74
200	73	74
200	73	74
200	73	74
200	73	74
200	73	74
200	73	74
200	73	74
200	73	74
200	73	74
200	73	74
200	73	74
200	73	74
200	73	74
200	73	100
250	99	100
250	99	100
250	99	100
250	99	100
250	99	100
250	99	100
250	99	100
250	99	100
250	99	100
250	99	100
250	99	100
250	99	100
250	99	100
250	99	100
300	124	126
300	124	126
300	124	126
300	124	126
300	124	126
300	124	126
300	124	126
300	124	126
300	124	126
300	124	126
300	124	126
300	124	126
300	124	126
300	124	126
300	124	126
300	124	126
300	124	126
300	124	126
300	124	126
300	150	151
350	150	151
350	150	151
350	150	151
350	150	151
350	150	151
350	150	151
350	150	151
350	150	151
350	150	151
350	150	151
350	150	151
350	150	151
350	150	151
350	150	151
400	176	177
400	176	177
400	176	177
400	176	177
400	176	177
400	176	177
400	176	177
400	176	177
400	176	177
400	176	177
400	176	177
400	176	177
400	176	177
400	176	177
450	202	203
450	202	203
450	202	203
450	202	203
450	202	203
450	202	203
450	202	203
450	202	203
450	202	203
450	202	203
450	202	203
450	202	203
450	202	203
450	202	203
500	228	229
500	228	229
500	228	229
500	228	229
500	228	229
500	228	229
500	228	229
500	228	229
500	228	229
500	228	229
500	228	229
500	228	229
500	228	229
500	228	229
550	253	255
550	253	255
550	253	255
550	253	255
550	253	255
550	253	255
550	253	255
550	253	255
550	253	255
550	253	255
550	253	255
550	253	255
550	253	255
550	253	255
550	253	255
550	253	255
550	253	255
600	279	280
600	279	280
600	279	280
600	279	280
600	279	280
600	279	280
600	279	280
600	279	280
600	279	280
600	279	280
600	279	280
600	279	280
600	279	280
600	279	280
600	279	280
650	305	306
650	305	306
650	305	306
650	305	306
650	305	306
650	305	306
650	305	306
650	305	306
650	305	306
650	305	306
650	305	306
650	305	306
650	305	306
650	305	306
650	305	332
700	331	332
700	331	332
700	331	332
700	331	332
700	331	332
700	331	332
700	331	332
700	331	332
700	331	332
700	331	332
700	331	332
700	331	332
700	331	332
700	331	358
750	356	358
750	356	358
750	356	358
750	356	358
750	356	358
750	356	358
750	356	358
750	356	358
750	356	358
750	356	358
750	356	358
750	356	358
750	356	358
750	356	358
800	382	383
800	382	383
800	382	383
800	382	383
800	382	383
800	382	383
800	382	383
800	382	383
800	382	383
800	382	383
800	382	383
800	382	383
800	382	383
800	382	383
800	382	383
800	382	383
800	382	383
800	382	383
800	408	409
850	408	409
850	408	409
850	408	409
850	408	409
850	408	409
850	408	409
850	408	409
850	408	409
850	408	409
850	408	409
850	408	409
850	408	409
850	408	409
850	408	435
900	434	435
900	434	435
900	434	435
900	434	435
900	434	435
900	434	435
900	434	435
900	434	435
900	434	435
900	434	435
900	434	435
900	434	435
900	434	435
900	434	461
950	460	461
950	460	461
950	460	461
950	460	461
950	460	461
950	460	461
950	460	461
950	460	461
950	460	461
950	460	461
950	460	461
950	460	461
950	460	461
950	460	461
1000	485	487
1000	485	487
1000	485	487
1000	485	487
1000	485	487
1000	485	487
1000	485	487
1000	485	487
1000	485	487
1000	485	487
1000	485	487
1000	485	487
1000	485	487
1000	485	487
1000	485	487
1000	485	487
1000	485	487
1000	485	512
1050	511	512
1050	511	512
1050	511	512
1050	511	512
1050	511	512
1050	511	512
1050	511	512
1050	511	512
1050	511	512
1050	511	512
1050	511	512
1050	511	512
1100	537	538
1100	537	538
1100	537	538
1100	537	538
1100	537	538
1100	537	538
1100	537	538
1100	537	538
1100	537	538
1100	537	538
1100	537	538
1100	537	538
1100	537	538
1100	537	538
1150	563	564
1150	563	564
1150	563	564
1150	563	564
1150	563	564
1150	563	564
1150	563	564
1150	563	564
1150	563	564
1150	563	564
1150	563	564
1150	563	564
1150	563	564
1200	588	590
1200	588	590
1200	588	590
1200	588	590
1200	588	590
1200	588	590
1200	588	590
1200	588	590
1200	588	590
1200	588	590
1200	588	590
1200	588	590
1200	588	590
1200	588	590
1200	588	616
1250	614	616
1250	614	616
1250	614	616
1250	614	616
1250	614	616
1250	614	616
1250	614	616
1250	614	616
1250	614	616
1250	614	616
1250	614	616
1250	614	616
1250	614	616
1250	614	616
1250	614	616
1250	614	616
1250	614	616
1300	640	641
1300	640	641
1300	640	641
1300	640	641
1300	640	641
1300	640	641
1300	640	641
1300	640	641
1300	640	641
1300	640	641
1300	640	641
1300	640	641
1300	666	667
1350	666	667
1350	666	667
1350	666	667
1350	666	667
1350	666	667
1350	666	667
1350	666	667
1350	666	667
1350	666	667
1350	666	667
1350	666	667
1350	666	667
1400	692	693
1400	692	693
1400	692	693
1400	692	693
1400	692	693
1400	692	693
1400	692	693
1400	692	693
1400	692	693
1400	692	693
1400	692	693
1400	692	693
1400	692	693
1400	692	693
1450	717	719
1450	717	719
1450	717	719
1450	717	719
1450	717	719
1450	717	719
1450	717	719
1450	717	719
1450	717	719
1450	717	719
1450	717	719
1450	717	719
1450	717	719
1450	717	719
1450	717	719
1500	743	744
1500	743	744
1500	743	744
1500	743	744
1500	743	744
1500	743	744
1500	743	744
1500	743	744
1500	743	744
1500	743	744
1500	743	744
1500	743	744
1500	743	744
1500	743	744
1500	743	744
1500	743	744
1500	743	744
1500	743	744
1550	769	770
1550	769	770
1550	769	770
1550	769	770
1550	769	770
1550	769	770
1550	769	770
1550	769	770
1550	769	770
1550	769	770
1550	769	770
1550	769	770
1550	769	770
1550	769	770
1600	795	796
1600	795	796
1600	795	796
1600	795	796
1600	795	796
1600	795	796
1600	795	796
1600	795	796
1600	795	796
1600	795	796
1600	795	796
1600	795	796
1600	795	796
1600	795	796
1650	821	822
1650	821	822
1650	821	822
1650	821	822
1650	821	822
1650	821	822
1650	821	822
1650	821	822
1650	821	822
1650	821	822
1650	821	822
1650	821	822
1650	821	822
1650	846	848
1700	846	848
1700	846	848
1700	846	848
1700	846	848
1700	846	848
1700	846	848
1700	846	848
1700	846	848
1700	846	848
1700	846	848
1700	846	848
1700	846	848
1750	872	873
1750	872	873
1750	872	873
1750	872	873
1750	872	873
1750	872	873
1750	872	873
1750	872	873
1750	872	873
1750	872	873
1750	872	873
1750	872	873
1750	872	873
1750	898	899
1800	898	899
1800	898	899
1800	898	899
1800	898	899
1800	898	899
1800	898	899
1800	898	899
1800	898	899
1800	898	899
1800	898	899
1800	898	899
1800	898	899
1800	898	899
1800	898	899
1800	898	899
1850	924	925
1850	924	925
1850	924	925
1850	924	925
1850	924	925
1850	924	925
1850	924	925
1850	924	925
1850	924	925
1850	924	925
1850	924	925
1850	924	925
1850	924	925
1900	949	951
1900	949	951
1900	949	951
1900	949	951
1900	949	951
1900	949	951
1900	949	951
1900	949	951
1900	949	951
1900	949	951
1900	949	951
1900	949	951
1900	949	951
1900	949	951
1900	975	976
1950	975	976
1950	975	976
1950	975	976
1950	975	976
1950	975	976
1950	975	976
1950	975	976
1950	975	976
1950	975	976
1950	975	976
1950	975	976
1950	975	976
1950	975	976
1950	975	1002
2000	1001	1002
2000	1001	1002
2000	1001	1002
2000	1001	1002
2000	1001	1002
2000	1001	1002
2000	1001	1002
2000	1001	1002
2000	1001	1002
2000	1001	1002
2000	1001	1002
2000	1001	1002
2000	1001	1002
2000	1001	1002
2000	1001	1002
2000	1001	1002
2000	1001	1002
2000	1001	1002
2000	1001	1002
2000	1001	1002
2000	1001	1002
2000	1001	1002
2000	1001	1028
2050	1027	1028
2050	1027	1028
2050	1027	1028
2050	1027	1028
2050	1027	1028
2050	1027	1028
2050	1027	1028
2050	1027	1028
2050	1027	1028
2050	1027	1028
2050	1027	1028
2050	1027	1028
2050	1027	1028
2050	1027	1028
2050	1027	1028
2050	1027	1028
2050	1027	1028
2050	1027	1028
2050	1027	1028
2050	1027	1028
2.100000e+03	1053	1041
2.100000e+03	1053	1041
2.100000e+03	1053	1041
2.100000e+03	1053	1041
2.100000e+03	1053	1041
2.100000e+03	1053	1041
2.100000e+03	1053	1041
2.100000e+03	1053	1041
2.100000e+03	1053	1041
2.100000e+03	1053	1041
2.100000e+03	1053	1041
2.100000e+03	1053	1041
2.100000e+03	1053	1041
2.100000e+03	1053	1041
2.100000e+03	1053	1041
2.100000e+03	1053	1041
2.100000e+03	1053	1041
2.100000e+03	1053	1041
2.100000e+03	1053	1041
2.150000e+03	1078	1042
2.150000e+03	1078	1042
2.150000e+03	1078	1042
2.150000e+03	1078	1042
2.150000e+03	1078	1042
2.150000e+03	1078	1042
2.150000e+03	1078	1042
2.150000e+03	1078	1042
2.150000e+03	1078	1042
2.150000e+03	1078	1042
2.150000e+03	1078	1042
2.150000e+03	1078	1042
2.150000e+03	1078	1042
2.150000e+03	1078	1042
2.150000e+03	1078	1042
2.150000e+03	1078	1042
2.150000e+03	1078	1042
2.150000e+03	1078	1042
2.150000e+03	1078	1042
2.150000e+03	1078	1042
2200	1104	1042
2200	1104	1042
2200	1104	1042
2200	1104	1042
2200	1104	1042
2200	1104	1042
2200	1104	1042
2200	1104	1042
2200	1104	1042
2200	1104	1042
2200	1104	1042
2200	1104	1042
2200	1104	1042
2200	1104	1042
2200	1104	1042
2200	1104	1042
2200	1104	1042
2200	1104	1042
2200	1104	1042
2200	1130	1042
2250	1130	1042
2250	1130	1042
2250	1130	1042
2250	1130	1042
2250	1130	1042
2250	1130	1042
2250	1130	1042
2250	1130	1042
2250	1130	1042
2250	1130	1042
2250	1130	1042
2250	1130	1042
2250	1130	1042
2250	1130	1042
2250	1130	1042
2250	1130	1042
2250	1130	1042
2250	1130	1042
2250	1130	1042
2250	1130	1042
2250	1130	1042
2250	1130	1042
2250	1130	1042
2250	1130	1042
2250	1130	1042
2250	1130	1042
2300	1156	1042
2300	1156	1042
2300	1156	1042
2300	1156	1042
2300	1156	1042
2300	1156	1042
2300	1156	1042
2300	1156	1042
2300	1156	1042
2300	1156	1042
2300	1156	1042
2300	1156	1042
2300	1156	1042
2300	1156	1042
2300	1156	1042
2300	1156	1042
2300	1156	1042
2300	1156	1042
2300	1156	1042
2300	1156	1042
2350	1181	1042
2350	1181	1042
2350	1181	1042
2350	1181	1042
2350	1181	1042
2350	1181	1042
2350	1181	1042
2350	1181	1042
2350	1181	1042
2350	1181	1042
2350	1181	1042
2350	1181	1042
2350	1181	1042
2350	1181	1042
2350	1181	1042
2350	1181	1042
2350	1181	1042
2350	1181	1042
2350	1181	1042
2350	1181	1042
2350	1181	1042
2350	1181	1042
2350	1181	1042
2350	1181	1042
2350	1181	1042
2350	1181	1042
2350	1181	1042
2350	1181	1042
2350	1181	1042
2350	1181	1042
2350	1181	1042
2350	1181	1042
2350	1181	1042
2350	1181	1042
2350	1181	1042
2350	1181	1042
2350	1181	1042
2350	1181	1042
2350	1181	1042
2350	1181	1042
2350	1181	1042
2350	1181	1042
2350	1181	1042
2350	1181	1042
2350	1181	1042
2350	1181	1042
2350	1181	1042
2350	1181	1042
2350	1181	1042
2350	1181	1042
2350	1181	1042
2350	1181	1042
2350	1181	1042
2350	1181	1042
2350	1181	1042
2350	1181	1042
2350	1181	1042
2350	1181	1042
2350	1181	1042
2350	1181	1042
2350	1181	1042
2400	1207	1042
2400	1207	1042
2400	1207	1042
2400	1207	1042
2400	1207	1042
2450	1233	1042
2450	1233	1042
2450	1233	1042
2450	1233	1042
2450	1233	1042
2450	1233	1042
2450	1233	1042
2450	1233	1042
2450	1233	1042
2450	1233	1042
2450	1233	1042
2450	1233	1042
2450	1233	1042
2450	1233	1042
2450	1233	1042
2450	1233	1042
2450	1233	1042
2450	1233	1042
2450	1233	1042
2500	1259	1042
2500	1259	1042
2500	1259	1042
2500	1259	1042
2500	1259	1042
2500	1259	1042
2500	1259	1042
2500	1259	1042
2500	1259	1042
2500	1259	1042
2500	1259	1042
2500	1259	1042
2500	1259	1042
2500	1259	1042
2500	1259	1042
2500	1259	1042
2500	1259	1042
2500	1259	1042
2550	1285	1042
2550	1285	1042
2550	1285	1042
2550	1285	1042
2550	1285	1042
2550	1285	1042
2550	1285	1042
2550	1285	1042
2550	1285	1042
2550	1285	1042
2550	1285	1042
2550	1285	1042
2550	1285	1042
2550	1285	1042
2550	1285	1042
2550	1285	1042
2550	1285	1042
2550	1285	1042
2550	1285	1042
2550	1285	1042
2550	1285	1042
2550	1285	1042
2550	1285	1042
2550	1285	1042
2550	1285	1042
2550	1285	1042
2600	1310	1042
2600	1310	1042
2600	1310	1042
2600	1310	1042
2600	1310	1042
2600	1310	1042
2600	1310	1042
2600	1310	1042
2600	1310	1042
2600	1310	1042
2600	1310	1042
2600	1310	1042
2600	1310	1042
2600	1310	1042
2600	1310	1042
2600	1310	1042
2600	1310	1042
2600	1310	1042
2600	1310	1042
2600	1310	1042
2650	1336	1042
2650	1336	1042
2650	1336	1042
2650	1336	1042
2650	1336	1042
2650	1336	1042
2650	1336	1042
2650	1336	1042
2650	1336	1042
2650	1336	1042
2650	1336	1042
2650	1336	1042
2650	1336	1042
2650	1336	1042
2650	1336	1042
2650	1336	1042
2650	1336	1042
2650	1336	1042
2650	1336	1042
2650	1336	1042
2650	1336	1042
2650	1336	1042
2700	1362	1042
2700	1362	1042
2700	1362	1042
2700	1362	1042
2700	1362	1042
2700	1362	1042
2700	1362	1042
2700	1362	1042
2700	1362	1042
2700	1362	1042
2700	1362	1042
2700	1362	1042
2700	1362	1042
2700	1362	1042
2750	1388	1042
2750	1388	1042
2750	1388	1042
2750	1388	1042
2750	1388	1042
2750	1388	1042
2750	1388	1042
2750	1388	1042
2750	1388	1042
2750	1388	1042
2750	1388	1042
2750	1388	1042
2750	1388	1042
2800	1414	1059
2800	1414	1059
2800	1414	1059
2800	1414	1059
2800	1414	1059
2800	1414	1059
2800	1414	1059
2800	1414	1059
2800	1414	1059
2800	1414	1059
2800	1414	1059
2800	1414	1059
2800	1414	1059
2800	1414	1059
2800	1414	1059
2800	1414	1059
2800	1414	1059
2850	1439	1084
2850	1439	1084
2850	1439	1084
2850	1439	1084
2850	1439	1084
2850	1439	1084
2850	1439	1084
2850	1439	1084
2850	1439	1084
2850	1439	1084
2850	1439	1084
2850	1439	1084
2850	1439	1084
2900	1465	1110
2900	1465	1110
2900	1465	1110
2900	1465	1110
2900	1465	1110
2900	1465	1110
2900	1465	1110
2900	1465	1110
2900	1465	1110
2900	1465	1110
2900	1465	1110
2900	1465	1110
2900	1465	1110
2900	1465	1110
2950	1491	1136
2950	1491	1136
2950	1491	1136
2950	1491	1136
2950	1491	1136
2950	1491	1136
2950	1491	1136
2950	1491	1136
2950	1491	1136
2950	1491	1136
2950	1491	1136
2950	1491	1136
2950	1491	1136
2950	1491	1136
3000	1517	1162
3000	1517	1162
3000	1517	1162
3000	1517	1162
3000	1517	1162
3000	1517	1162
3000	1517	1162
3000	1517	1162
3000	1517	1162
3000	1517	1162
3000	1517	1162
3000	1517	1162
3000	1517	1162
3000	1542	1188
3050	1542	1188
3050	1542	1188
3050	1542	1188
3050	1542	1188
3050	1542	1188
3050	1542	1188
3050	1542	1188
3050	1542	1188
3050	1542	1188
3050	1542	1188
3050	1542	1188
3050	1542	1188
3050	1542	1188
3050	1542	1188
3050	1542	1188
3100	1568	1213
3100	1568	1213
3100	1568	1213
3100	1568	1213
3100	1568	1213
3100	1568	1213
3100	1568	1213
3100	1568	1213
3100	1568	1213
3100	1568	1213
3100	1568	1213
3100	1568	1213
3100	1568	1213
3150	1594	1239
3150	1594	1239
3150	1594	1239
3150	1594	1239
3150	1594	1239
3150	1594	1239
3150	1594	1239
3150	1594	1239
3150	1594	1239
3150	1594	1239
3150	1594	1239
3150	1594	1239
3150	1594	1239
3150	1594	1239
3200	1620	1265
3200	1620	1265
3200	1620	1265
3200	1620	1265
3200	1620	1265
3200	1620	1265
3200	1620	1265
3200	1620	1265
3200	1620	1265
3200	1620	1265
3200	1620	1265
3200	1620	1265
3200	1620	1265
3250	1646	1291
3250	1646	1291
3250	1646	1291
3250	1646	1291
3250	1646	1291
3250	1646	1291
3250	1646	1291
3250	1646	1291
3250	1646	1291
3250	1646	1291
3250	1646	1291
3250	1646	1291
3250	1646	1291
3250	1646	1291
3300	1671	1316
3300	1671	1316
3300	1671	1316
3300	1671	1316
3300	1671	1316
3300	1671	1316
3300	1671	1316
3300	1671	1316
3300	1671	1316
3300	1671	1316
3300	1671	1316
3300	1671	1316
3300	1671	1316
3300	1671	1316
3350	1697	1342
3350	1697	1342
3350	1697	1342
3350	1697	1342
3350	1697	1342
3350	1697	1342
3350	1697	1342
3350	1697	1342
3350	1697	1342
3350	1697	1342
3350	1697	1342
3350	1697	1342
3350	1697	1342
3350	1697	1342
3350	1697	1342
3350	1697	1342
3350	1697	1342
3350	1697	1342
3400	1723	1368
3400	1723	1368
3400	1723	1368
3400	1723	1368
3400	1723	1368
3400	1723	1368
3400	1723	1368
3400	1723	1368
3400	1723	1368
3400	1723	1368
3400	1723	1368
3400	1723	1368
3400	1723	1368
3400	1723	1368
3400	1723	1394
3450	1749	1394
3450	1749	1394
3450	1749	1394
3450	1749	1394
3450	1749	1394
3450	1749	1394
3450	1749	1394
3450	1749	1394
3450	1749	1394
3450	1749	1394
3450	1749	1394
3450	1749	1394
3450	1749	1394
3450	1749	1420
3500	1775	1420
3500	1775	1420
3500	1775	1420
3500	1775	1420
3500	1775	1420
3500	1775	1420
3500	1775	1420
3500	1775	1420
3500	1775	1420
3500	1775	1420
3500	1775	1420
3500	1775	1420
3500	1775	1420
3500	1775	1420
3550	1800	1445
3550	1800	1445
3550	1800	1445
3550	1800	1445
3550	1800	1445
3550	1800	1445
3550	1800	1445
3550	1800	1445
3550	1800	1445
3550	1800	1445
3550	1800	1445
3550	1800	1445
3550	1800	1445
3550	1800	1445
3600	1826	1471
3600	1826	1471
3600	1826	1471
3600	1826	1471
3600	1826	1471
3600	1826	1471
3600	1826	1471
3600	1826	1471
3600	1826	1471
3600	1826	1471
3600	1826	1471
3600	1826	1471
3600	1826	1471
3600	1826	1471
3600	1826	1471
3600	1826	1471
3600	1826	1471
3600	1826	1471
3600	1826	1471
3650	1852	1497
3650	1852	1497
3650	1852	1497
3650	1852	1497
3650	1852	1497
3650	1852	1497
3650	1852	1497
3650	1852	1497
3650	1852	1497
3650	1852	1497
3650	1852	1497
3650	1852	1497
3650	1852	1497
3650	1852	1497
3700	1878	1523
3700	1878	1523
3700	1878	1523
3700	1878	1523
3700	1878	1523
3700	1878	1523
3700	1878	1523
3700	1878	1523
3700	1878	1523
3700	1878	1523
3700	1878	1523
3700	1878	1523
3700	1878	1523
3700	1878	1523
3750	1903	1548
3750	1903	1548
3750	1903	1548
3750	1903	1548
3750	1903	1548
3750	1903	1548
3750	1903	1548
3750	1903	1548
3750	1903	1548
3750	1903	1548
3750	1903	1548
3750	1903	1548
3750	1903	1548
3750	1903	1548
3800	1929	1574
3800	1929	1574
3800	1929	1574
3800	1929	1574
3800	1929	1574
3800	1929	1574
3800	1929	1574
3800	1929	1574
3800	1929	1574
3800	1929	1574
3800	1929	1574
3800	1929	1574
3800	1929	1574
3800	1929	1574
3850	1955	1600
3850	1955	1600
3850	1955	1600
3850	1955	1600
3850	1955	1600
3850	1955	1600
3850	1955	1600
3850	1955	1600
3850	1955	1600
3850	1955	1600
3850	1955	1600
3850	1955	1600
3850	1955	1600
3850	1955	1600
3900	1981	1626
3900	1981	1626
3900	1981	1626
3900	1981	1626
3900	1981	1626
3900	1981	1626
3900	1981	1626
3900	1981	1626
3900	1981	1626
3900	1981	1626
3900	1981	1626
3900	1981	1626
3900	1981	1626
3900	1981	1626
3900	1981	1626
3900	1981	1626
3900	1981	1626
3900	1981	1626
3950	2007	1652
3950	2007	1652
3950	2007	1652
3950	2007	1652
3950	2007	1652
3950	2007	1652
3950	2007	1652
3950	2007	1652
3950	2007	1652
3950	2007	1652
3950	2007	1652
3950	2007	1652
3950	2007	1652
3950	2007	1652
4000	2032	1677
4000	2032	1677
4000	2032	1677
4000	2032	1677
4000	2032	1677
4000	2032	1677
4000	2032	1677
4000	2032	1677
4000	2032	1677
4000	2032	1677
4000	2032	1677
4000	2032	1677
4000	2032	1703
4050	2058	1703
4050	2058	1703
4050	2058	1703
4050	2058	1703
4050	2058	1703
4050	2058	1703
4050	2058	1703
4050	2058	1703
4050	2058	1703
4050	2058	1703
4050	2058	1703
4050	2058	1703
4050	2058	1703
4050	2058	1703
4100	2084	1729
4100	2084	1729
4100	2084	1729
4100	2084	1729
4100	2084	1729
4100	2084	1729
4100	2084	1729
4100	2084	1729
4100	2084	1729
4100	2084	1729
4100	2084	1729
4100	2084	1729
4100	2084	1729
4100	2084	1729
4100	2084	1729
4100	2084	1729
4100	2084	1729
4100	2084	1755
4150	2110	1755
4150	2110	1755
4150	2110	1755
4150	2110	1755
4150	2110	1755
4150	2110	1755
4150	2110	1755
4150	2110	1755
4150	2110	1755
4150	2110	1755
4150	2110	1755
4150	2110	1755
4200	2135	1781
4200	2135	1781
4200	2135	1781
4200	2135	1781
4200	2135	1781
4200	2135	1781
4200	2135	1781
4200	2135	1781
4200	2135	1781
4200	2135	1781
4200	2135	1781
4200	2135	1781
4200	2135	1781
4200	2135	1781
4250	2161	1806
4250	2161	1806
4250	2161	1806
4250	2161	1806
4250	2161	1806
4250	2161	1806
4250	2161	1806
4250	2161	1806
4250	2161	1806
4250	2161	1806
4250	2161	1806
4250	2161	1806
4250	2161	1806
4250	2161	1806
4300	2187	1832
4300	2187	1832
4300	2187	1832
4300	2187	1832
4300	2187	1832
4300	2187	1832
4300	2187	1832
4300	2187	1832
4300	2187	1832
4300	2187	1832
4300	2187	1832
4300	2187	1832
4300	2187	1832
4300	2187	1832
4300	2187	1832
4300	2187	1832
4300	2187	1832
4300	2187	1832
4300	2187	1832
4300	2187	1832
4300	2187	1832
4300	2187	1832
4300	2187	1832
4300	2187	1832
4300	2187	1832
4300	2187	1832
4300	2187	1832
4300	2187	1832
4350	2213	1858
4350	2213	1858
4350	2213	1858
4350	2213	1858
4350	2213	1858
4350	2213	1858
4350	2213	1858
4350	2213	1858
4350	2213	1858
4350	2213	1858
4350	2213	1858
4350	2213	1858
4350	2213	1858
4350	2213	1858
4350	2213	1858
4350	2213	1858
4350	2213	1858
4350	2213	1858
4350	2213	1858
4350	2213	1858
4350	2213	1858
4400	2239	1870
4400	2239	1870
4400	2239	1870
4400	2239	1870
4400	2239	1870
4400	2239	1870
4400	2239	1870
4400	2239	1870
4400	2239	1870
4400	2239	1870
4400	2239	1870
4400	2239	1870
4400	2239	1870
4400	2239	1870
4400	2239	1870
4400	2239	1870
4400	2239	1870
4400	2239	1870
4400	2239	1870
4400	2239	1870
4400	2239	1870
4400	2239	1870
4450	2264	1871
4450	2264	1871
4450	2264	1871
4450	2264	1871
4450	2264	1871
4450	2264	1871
4450	2264	1871
4450	2264	1871
4450	2264	1871
4450	2264	1871
4450	2264	1871
4450	2264	1871
4450	2264	1871
4450	2264	1871
4450	2264	1871
4450	2264	1871
4450	2264	1871
4450	2264	1871
4450	2264	1871
4450	2264	1871
4450	2264	1871
4450	2290	1871
4500	2290	1871
4500	2290	1871
4500	2290	1871
4500	2290	1871
4500	2290	1871
4500	2290	1871
4500	2290	1871
4500	2290	1871
4500	2290	1871
4500	2290	1871
4500	2290	1871
4500	2290	1871
4500	2290	1871
4500	2290	1871
4500	2290	1871
4500	2290	1871
4500	2290	1871
4500	2290	1871
4500	2290	1871
4500	2290	1871
4500	2290	1871
4550	2316	1871
4550	2316	1871
4550	2316	1871
4550	2316	1871
4550	2316	1871
4550	2316	1871
4550	2316	1871
4550	2316	1871
4550	2316	1871
4550	2316	1871
4550	2316	1871
4550	2316	1871
4550	2316	1871
4550	2316	1871
4550	2316	1871
4550	2316	1871
4550	2316	1871
4550	2316	1871
4550	2316	1871
4550	2316	1871
4550	2316	1871
4550	2316	1871
4550	2316	1871
4600	2342	1871
4600	2342	1871
4600	2342	1871
4600	2342	1871
4600	2342	1871
4600	2342	1871
4600	2342	1871
4600	2342	1871
4600	2342	1871
4600	2342	1871
4600	2342	1871
4600	2342	1871
4600	2342	1871
4600	2342	1871
4600	2342	1871
4600	2342	1871
4600	2342	1871
4600	2342	1871
4600	2342	1871
4600	2342	1871
4600	2342	1871
4600	2342	1871
4600	2342	1871
4600	2342	1871
4600	2342	1871
4600	2342	1871
4600	2342	1871
4600	2342	1871
4650	2368	1871
4650	2368	1871
4650	2368	1871
4650	2368	1871
4650	2368	1871
4650	2368	1871
4650	2368	1871
4650	2368	1871
4650	2368	1871
4650	2368	1871
4650	2368	1871
4650	2368	1871
4650	2368	1871
4650	2368	1871
4650	2368	1871
4650	2368	1871
4650	2368	1871
4650	2368	1871
4650	2368	1871
4650	2368	1871
4650	2368	1871
4650	2393	1871
4700	2393	1871
4700	2393	1871
4700	2393	1871
4700	2393	1871
4700	2393	1871
4700	2393	1871
4700	2393	1871
4700	2393	1871
4700	2393	1871
4700	2393	1871
4700	2393	1871
4700	2393	1871
4700	2393	1871
4700	2393	1871
4700	2393	1871
4700	2393	1871
4700	2393	1871
4700	2393	1871
4700	2393	1871
4700	2393	1871
4700	2393	1871
4700	2393	1871
4750	2419	1871
4750	2419	1871
4750	2419	1871
4750	2419	1871
4750	2419	1871
4750	2419	1871
4750	2419	1871
4750	2419	1871
4750	2419	1871
4750	2419	1871
4750	2419	1871
4750	2419	1871
4750	2419	1871
4750	2419	1871
4750	2419	1871
4750	2419	1871
4750	2419	1871
4750	2419	1871
4750	2419	1871
4750	2419	1871
4750	2419	1871
4750	2419	1871
4800	2445	1871
4800	2445	1871
4800	2445	1871
4800	2445	1871
4800	2445	1871
4800	2445	1871
4800	2445	1871
4800	2445	1871
4800	2445	1871
4800	2445	1871
4800	2445	1871
4800	2445	1871
4800	2445	1871
4800	2445	1871
4800	2445	1871
4800	2445	1871
4800	2445	1871
4800	2445	1871
4800	2445	1871
4800	2445	1871
4800	2445	1871
4800	2445	1871
4850	2471	1871
4850	2471	1871
4850	2471	1871
4850	2471	1871
4850	2471	1871
4850	2471	1871
4850	2471	1871
4850	2471	1871
4850	2471	1871
4850	2471	1871
4850	2471	1871
4850	2471	1871
4850	2471	1871
4850	2471	1871
4850	2471	1871
4850	2471	1871
4850	2471	1871
4850	2471	1871
4850	2471	1871
4850	2471	1871
4850	2471	1871
4850	2496	1871
4900	2496	1871
4900	2496	1871
4900	2496	1871
4900	2496	1871
4900	2496	1871
4900	2496	1871
4900	2496	1871
4900	2496	1871
4900	2496	1871
4900	2496	1871
4900	2496	1871
4900	2496	1871
4900	2496	1871
4900	2496	1871
4900	2496	1871
4900	2496	1871
4900	2496	1871
4900	2496	1871
4900	2496	1871
4900	2496	1871
4900	2496	1871
4900	2496	1871
4900	2496	1871
4900	2496	1871
4900	2496	1871
4900	2496	1871
4900	2496	1871
4900	2496	1871
4900	2522	1871
4950	2522	1871
4950	2522	1871
4950	2522	1871
4950	2522	1871
4950	2522	1871
4950	2522	1871
4950	2522	1871
4950	2522	1871
4950	2522	1871
4950	2522	1871
4950	2522	1871
4950	2522	1871
4950	2522	1871
4950	2522	1871
4950	2522	1871
4950	2522	1871
4950	2522	1871
4950	2522	1871
4950	2522	1871
4950	2522	1871
4950	2522	1871
4950	2522	1871
5000	2548	1871
5000	2548	1871
5000	2548	1871
5000	2548	1871
5000	2548	1871
5000	2548	1871
5000	2548	1871
5000	2548	1871
5000	2548	1871
5000	2548	1871
5000	2548	1871
5000	2548	1871
5000	2548	1871
5000	2548	1871
5000	2548	1871
5000	2548	1871
5000	2548	1871
5000	2548	1871
5000	2548	1871
5000	2548	1871
5000	2548	1871
5000	2548	1871
5050	2574	1871
5050	2574	1871
5050	2574	1871
5050	2574	1871
5050	2574	1871
5050	2574	1871
5050	2574	1871
5050	2574	1871
5050	2574	1871
5050	2574	1871
5050	2574	1871
5050	2574	1871
5050	2574	1871
5100	2600	1871
5100	2600	1871
5100	2600	1871
5100	2600	1871
5100	2600	1871
5100	2600	1871
5100	2600	1871
5100	2600	1871
5100	2600	1871
5100	2600	1871
5100	2600	1871
5100	2600	1871
5100	2600	1871
5150	2625	1889
5150	2625	1889
5150	2625	1889
5150	2625	1889
5150	2625	1889
5150	2625	1889
5150	2625	1889
5150	2625	1889
5150	2625	1889
5150	2625	1889
5150	2625	1889
5150	2625	1889
5150	2625	1889
5150	2625	1889
5150	2625	1889
5150	2625	1889
5150	2625	1889
5200	2651	1915
5200	2651	1915
5200	2651	1915
5200	2651	1915
5200	2651	1915
5200	2651	1915
5200	2651	1915
5200	2651	1915
5200	2651	1915
5200	2651	1915
5200	2651	1915
5200	2651	1915
5200	2651	1915
5200	2677	1941
5250	2677	1941
5250	2677	1941
5250	2677	1941
5250	2677	1941
5250	2677	1941
5250	2677	1941
5250	2677	1941
5250	2677	1941
5250	2677	1941
5250	2677	1941
5250	2677	1941
5250	2677	1941
5250	2677	1941
5300	2703	1966
5300	2703	1966
5300	2703	1966
5300	2703	1966
5300	2703	1966
5300	2703	1966
5300	2703	1966
5300	2703	1966
5300	2703	1966
5300	2703	1966
5300	2703	1966
5300	2703	1966
5300	2703	1966
5350	2728	1992
5350	2728	1992
5350	2728	1992
5350	2728	1992
5350	2728	1992
5350	2728	1992
5350	2728	1992
5350	2728	1992
5350	2728	1992
5350	2728	1992
5350	2728	1992
5350	2728	1992
5350	2728	1992
5350	2728	1992
5400	2754	2018
5400	2754	2018
5400	2754	2018
5400	2754	2018
5400	2754	2018
5400	2754	2018
5400	2754	2018
5400	2754	2018
5400	2754	2018
5400	2754	2018
5400	2754	2018
5400	2754	2018
5400	2754	2018
5400	2754	2018
5400	2754	2018
5400	2754	2018
5400	2754	2018
5400	2780	2044
5450	2780	2044
5450	2780	2044
5450	2780	2044
5450	2780	2044
5450	2780	2044
5450	2780	2044
5450	2780	2044
5450	2780	2044
5450	2780	2044
5450	2780	2044
5450	2780	2044
5450	2780	2044
5450	2780	2044
5500	2806	2070
5500	2806	2070
5500	2806	2070
5500	2806	2070
5500	2806	2070
5500	2806	2070
5500	2806	2070
5500	2806	2070
5500	2806	2070
5500	2806	2070
5500	2806	2070
5500	2806	2070
5500	2806	2070
5500	2806	2070
5550	2832	2095
5550	2832	2095
5550	2832	2095
5550	2832	2095
5550	2832	2095
5550	2832	2095
5550	2832	2095
5550	2832	2095
5550	2832	2095
5550	2832	2095
5550	2832	2095
5550	2832	2095
5550	2857	2121
5600	2857	2121
5600	2857	2121
5600	2857	2121
5600	2857	2121
5600	2857	2121
5600	2857	2121
5600	2857	2121
5600	2857	2121
5600	2857	2121
5600	2857	2121
5600	2857	2121
5600	2857	2121
5600	2857	2121
5650	2883	2147
5650	2883	2147
5650	2883	2147
5650	2883	2147
5650	2883	2147
5650	2883	2147
5650	2883	2147
5650	2883	2147
5650	2883	2147
5650	2883	2147
5650	2883	2147
5650	2883	2147
5650	2883	2147
5650	2883	2147
5650	2883	2147
5650	2883	2147
5650	2883	2147
5650	2883	2147
5650	2883	2147
5650	2883	2147
5650	2883	2147
5650	2883	2147
5650	2883	2147
5650	2883	2147
5650	2883	2147
5650	2883	2147
5650	2883	2147
5650	2883	2147
5650	2883	2147
5650	2883	2147
5650	2883	2147
5650	2883	2147
5650	2883	2147
5650	2883	2147
5650	2883	2147
5650	2883	2147
5650	2883	2147
5650	2883	2147
5650	2883	2147
5650	2883	2147
5700	2909	2173
5700	2909	2173
5700	2909	2173
5700	2909	2173
5700	2909	2173
5700	2909	2173
5700	2909	2173
5700	2909	2173
5700	2909	2173
5700	2909	2173
5700	2909	2173
5700	2909	2173
5700	2909	2173
5700	2909	2173
5700	2909	2173
5700	2909	2173
5700	2909	2173
5800	2960	2224
5800	2960	2224
5800	2960	2224
5800	2960	2224
5800	2960	2224
5800	2960	2224
5800	2960	2224
5800	2960	2224
5800	2960	2224
5800	2960	2224
5800	2960	2224
5800	2960	2224
5800	2960	2224
5800	2960	2224
5850	2986	2250
5850	2986	2250
5850	2986	2250
5850	2986	2250
5850	2986	2250
5850	2986	2250
5850	2986	2250
5850	2986	2250
5850	2986	2250
5850	2986	2250
5850	2986	2250
5850	2986	2250
5850	2986	2250
5900	3012	2276
5900	3012	2276
5900	3012	2276
5900	3012	2276
5900	3012	2276
5900	3012	2276
5900	3012	2276
5900	3012	2276
5900	3012	2276
5900	3012	2276
5900	3012	2276
5900	3012	2276
5900	3012	2276
5900	3038	2302
5950	3038	2302
5950	3038	2302
5950	3038	2302
5950	3038	2302
5950	3038	2302
5950	3038	2302
5950	3038	2302
5950	3038	2302
5950	3038	2302
5950	3038	2302
5950	3038	2302
5950	3038	2302
6000	3064	2327
6000	3064	2327
6000	3064	2327
6000	3064	2327
6000	3064	2327
6000	3064	2327
6000	3064	2327
6000	3064	2327
6000	3064	2327
6000	3064	2327
6000	3064	2327
6000	3064	2327
6000	3064	2327
6000	3064	2327
6000	3064	2327
6000	3064	2327
6000	3064	2327
6050	3089	2353
6050	3089	2353
6050	3089	2353
6050	3089	2353
6050	3089	2353
6050	3089	2353
6050	3089	2353
6050	3089	2353
6050	3089	2353
6050	3089	2353
6050	3089	2353
6050	3089	2353
6050	3089	2353
6100	3115	2379
6100	3115	2379
6100	3115	2379
6100	3115	2379
6100	3115	2379
6100	3115	2379
6100	3115	2379
6100	3115	2379
6100	3115	2379
6100	3115	2379
6100	3115	2379
6100	3115	2379
6100	3115	2379
6150	3141	2405
6150	3141	2405
6150	3141	2405
6150	3141	2405
6150	3141	2405
6150	3141	2405
6150	3141	2405
6150	3141	2405
6150	3141	2405
6150	3141	2405
6150	3141	2405
6150	3141	2405
6200	3167	2431
6200	3167	2431
6200	3167	2431
6200	3167	2431
6200	3167	2431
6200	3167	2431
6200	3167	2431
6200	3167	2431
6200	3167	2431
6200	3167	2431
6200	3167	2431
6200	3167	2431
6200	3167	2431
6200	3167	2431
6200	3167	2431
6200	3167	2431
6200	3167	2431
6250	3193	2456
6250	3193	2456
6250	3193	2456
6250	3193	2456
6250	3193	2456
6250	3193	2456
6250	3193	2456
6250	3193	2456
6250	3193	2456
6250	3193	2456
6250	3193	2456
6250	3193	2456
6250	3193	2456
6300	3218	2482
6300	3218	2482
6300	3218	2482
6300	3218	2482
6300	3218	2482
6300	3218	2482
6300	3218	2482
6300	3218	2482
6300	3218	2482
6300	3218	2482
6300	3218	2482
6300	3218	2482
6300	3218	2482
6300	3218	2482
6350	3244	2508
6350	3244	2508
6350	3244	2508
6350	3244	2508
6350	3244	2508
6350	3244	2508
6350	3244	2508
6350	3244	2508
6350	3244	2508
6350	3244	2508
6350	3244	2508
6350	3244	2508
6350	3244	2508
6350	3244	2508
6400	3270	2534
6400	3270	2534
6400	3270	2534
6400	3270	2534
6400	3270	2534
6400	3270	2534
6400	3270	2534
6400	3270	2534
6400	3270	2534
6400	3270	2534
6400	3270	2534
6400	3270	2534
6400	3270	2534
6450	3296	2559
6450	3296	2559
6450	3296	2559
6450	3296	2559
6450	3296	2559
6450	3296	2559
6450	3296	2559
6450	3296	2559
6450	3296	2559
6450	3296	2559
6450	3296	2559
6450	3296	2559
6450	3296	2559
6450	3296	2559
6450	3296	2559
6450	3296	2559
6450	3296	2559
6500	3321	2585
6500	3321	2585
6500	3321	2585
6500	3321	2585
6500	3321	2585
6500	3321	2585
6500	3321	2585
6500	3321	2585
6500	3321	2585
6500	3321	2585
6500	3321	2585
6500	3321	2585
6500	3321	2585
6500	3321	2611
6550	3347	2611
6550	3347	2611
6550	3347	2611
6550	3347	2611
6550	3347	2611
6550	3347	2611
6550	3347	2611
6550	3347	2611
6550	3347	2611
6550	3347	2611
6550	3347	2611
6550	3347	2611
6550	3347	2637
6600	3373	2637
6600	3373	2637
6600	3373	2637
6600	3373	2637
6600	3373	2637
6600	3373	2637
6600	3373	2637
6600	3373	2637
6600	3373	2637
6600	3373	2637
6600	3373	2637
6600	3373	2637
6600	3373	2637
6600	3373	2637
6600	3373	2637
6600	3373	2637
6600	3373	2637
6600	3373	2637
6600	3373	2637
6600	3373	2637
6650	3399	2663
6650	3399	2663
6650	3399	2663
6650	3399	2663
6650	3399	2663
6650	3399	2663
6650	3399	2663
6650	3399	2663
6650	3399	2663
6650	3399	2663
6650	3399	2663
6650	3399	2663
6650	3399	2663
6650	3399	2663
6650	3399	2663
6650	3399	2663
6650	3399	2663
6650	3399	2663
6650	3399	2663
6650	3399	2663
6650	3399	2663
6650	3399	2663
6650	3399	2663
6700	3425	2676
6700	3425	2676
6700	3425	2676
6700	3425	2676
6700	3425	2676
6700	3425	2676
6700	3425	2676
6700	3425	2676
6700	3425	2676
6700	3425	2676
6700	3425	2676
6700	3425	2676
6700	3425	2676
6700	3425	2676
6700	3425	2676
6700	3425	2676
6700	3425	2676
6700	3425	2676
6700	3425	2676
6700	3425	2676
6700	3425	2676
6700	3425	2676
6700	3425	2676
6700	3425	2676
6700	3425	2676
6700	3425	2676
6700	3425	2676
6700	3425	2676
6700	3450	2677
6750	3450	2677
6750	3450	2677
6750	3450	2677
6750	3450	2677
6750	3450	2677
6750	3450	2677
6750	3450	2677
6750	3450	2677
6750	3450	2677
6750	3450	2677
6750	3450	2677
6750	3450	2677
6750	3450	2677
6750	3450	2677
6750	3450	2677
6750	3450	2677
6750	3450	2677
6750	3450	2677
6750	3450	2677
6750	3450	2677
6750	3450	2677
6750	3450	2677
6750	3476	2677
6800	3476	2677
6800	3476	2677
6800	3476	2677
6800	3476	2677
6800	3476	2677
6800	3476	2677
6800	3476	2677
6800	3476	2677
6800	3476	2677
6800	3476	2677
6800	3476	2677
6800	3476	2677
6800	3476	2677
6800	3476	2677
6800	3476	2677
6800	3476	2677
6800	3476	2677
6800	3476	2677
6800	3476	2677
6800	3476	2677
6800	3476	2677
6800	3476	2677
6850	3502	2677
6850	3502	2677
6850	3502	2677
6850	3502	2677
6850	3502	2677
6850	3502	2677
6850	3502	2677
6850	3502	2677
6850	3502	2677
6850	3502	2677
6850	3502	2677
6850	3502	2677
6850	3502	2677
6850	3502	2677
6850	3502	2677
6850	3502	2677
6850	3502	2677
6850	3502	2677
6850	3502	2677
6850	3528	2677
6900	3528	2677
6900	3528	2677
6900	3528	2677
6900	3528	2677
6900	3528	2677
6900	3528	2677
6900	3528	2677
6900	3528	2677
6900	3528	2677
6900	3528	2677
6900	3528	2677
6900	3528	2677
6900	3528	2677
6900	3528	2677
6900	3528	2677
6900	3528	2677
6900	3528	2677
6900	3528	2677
6900	3528	2677
6900	3528	2677
6900	3528	2677
6900	3528	2677
6950	3553	2677
6950	3553	2677
6950	3553	2677
6950	3553	2677
6950	3553	2677
6950	3553	2677
6950	3553	2677
6950	3553	2677
6950	3553	2677
6950	3553	2677
6950	3553	2677
6950	3553	2677
6950	3553	2677
6950	3553	2677
6950	3553	2677
6950	3553	2677
6950	3553	2677
6950	3553	2677
6950	3553	2677
6950	3553	2677
6950	3553	2677
6950	3553	2677
6950	3553	2677
6950	3553	2677
6950	3553	2677
6950	3553	2677
6950	3553	2677
6950	3553	2677
7000	3579	2677
7000	3579	2677
7000	3579	2677
7000	3579	2677
7000	3579	2677
7000	3579	2677
7000	3579	2677
7000	3579	2677
7000	3579	2677
7000	3579	2677
7000	3579	2677
7000	3579	2677
7000	3579	2677
7000	3579	2677
7000	3579	2677
7000	3579	2677
7000	3579	2677
7000	3579	2677
7000	3579	2677
7000	3579	2677
7000	3579	2677
7000	3579	2677
7000	3579	2677
7050	3605	2677
7050	3605	2677
7050	3605	2677
7050	3605	2677
7050	3605	2677
7050	3605	2677
7050	3605	2677
7050	3605	2677
7050	3605	2677
7050	3605	2677
7050	3605	2677
7050	3605	2677
7050	3605	2677
7050	3605	2677
7050	3605	2677
7050	3605	2677
7050	3605	2677
7050	3605	2677
7050	3605	2677
7050	3605	2677
7050	3605	2677
7050	3605	2677
7100	3631	2677
7100	3631	2677
7100	3631	2677
7100	3631	2677
7100	3631	2677
7100	3631	2677
7100	3631	2677
7100	3631	2677
7100	3631	2677
7100	3631	2677
7100	3631	2677
7100	3631	2677
7100	3631	2677
7100	3631	2677
7100	3631	2677
7100	3631	2677
7100	3631	2677
7100	3631	2677
7100	3631	2677
7100	3631	2677
7100	3631	2677
7150	3657	2677
7150	3657	2677
7150	3657	2677
7150	3657	2677
7150	3657	2677
7150	3657	2677
7150	3657	2677
7150	3657	2677
7150	3657	2677
7150	3657	2677
7150	3657	2677
7150	3657	2677
7150	3657	2677
7150	3657	2677
7150	3657	2677
7150	3657	2677
7150	3657	2677
7150	3657	2677
7150	3657	2677
7150	3657	2677
7150	3657	2677
7150	3657	2677
7150	3657	2677
7200	3682	2677
7200	3682	2677
7200	3682	2677
7200	3682	2677
7200	3682	2677
7200	3682	2677
7200	3682	2677
7200	3682	2677
7200	3682	2677
7200	3682	2677
7200	3682	2677
7200	3682	2677
7200	3682	2677
7200	3682	2677
7200	3682	2677
7200	3682	2677
7200	3682	2677
7200	3682	2677
7200	3682	2677
7200	3682	2677
7200	3682	2677
7200	3682	2677
7200	3682	2677
7200	3682	2677
7200	3682	2677
7200	3682	2677
7200	3682	2677
7200	3682	2677
7200	3682	2677
7250	3708	2677
7250	3708	2677
7250	3708	2677
7250	3708	2677
7250	3708	2677
7250	3708	2677
7250	3708	2677
7250	3708	2677
7250	3708	2677
7250	3708	2677
7250	3708	2677
7250	3708	2677
7250	3708	2677
7250	3708	2677
7250	3708	2677
7250	3708	2677
7250	3708	2677
7250	3708	2677
7250	3708	2677
7250	3708	2677
7300	3734	2677
7300	3734	2677
7300	3734	2677
7300	3734	2677
7300	3734	2677
7300	3734	2677
7300	3734	2677
7300	3734	2677
7300	3734	2677
7300	3734	2677
7300	3734	2677
7300	3734	2677
7300	3734	2677
7300	3734	2677
7300	3734	2677
7300	3734	2677
7300	3734	2677
7300	3734	2677
7300	3734	2677
7300	3734	2677
7300	3734	2677
7300	3734	2677
7350	3760	2677
7350	3760	2677
7350	3760	2677
7350	3760	2677
7350	3760	2677
7350	3760	2677
7350	3760	2677
7350	3760	2677
7350	3760	2677
7350	3760	2677
7350	3760	2677
7400	3786	2677
7400	3786	2677
7400	3786	2677
7400	3786	2677
7400	3786	2677
7400	3786	2677
7400	3786	2677
7400	3786	2677
7400	3786	2677
7400	3786	2677
7400	3786	2677
7400	3786	2677
7400	3786	2677
7400	3786	2677
7400	3786	2677
7400	3786	2677
7450	3811	2698
7450	3811	2698
7450	3811	2698
7450	3811	2698
7450	3811	2698
7450	3811	2698
7450	3811	2698
7450	3811	2698
7450	3811	2698
7450	3811	2698
7450	3811	2698
7450	3811	2698
7500	3837	2724
7500	3837	2724
7500	3837	2724
7500	3837	2724
7500	3837	2724
7500	3837	2724
7500	3837	2724
7500	3837	2724
7500	3837	2724
7500	3837	2724
7500	3837	2724
7500	3837	2724
7550	3863	2749
7550	3863	2749
7550	3863	2749
7550	3863	2749
7550	3863	2749
7550	3863	2749
7550	3863	2749
7550	3863	2749
7550	3863	2749
7550	3863	2749
7550	3863	2749
7550	3863	2775
7600	3889	2775
7600	3889	2775
7600	3889	2775
7600	3889	2775
7600	3889	2775
7600	3889	2775
7600	3889	2775
7600	3889	2775
7600	3889	2775
7600	3889	2775
7600	3889	2775
7600	3889	2775
7650	3914	2801
7650	3914	2801
7650	3914	2801
7650	3914	2801
7650	3914	2801
7650	3914	2801
7650	3914	2801
7650	3914	2801
7650	3914	2801
7650	3914	2801
7650	3914	2801
7700	3940	2827
7700	3940	2827
7700	3940	2827
7700	3940	2827
7700	3940	2827
7700	3940	2827
7700	3940	2827
7700	3940	2827
7700	3940	2827
7700	3940	2827
7700	3940	2827
7700	3940	2827
7700	3940	2827
7700	3940	2827
7700	3940	2827
7700	3940	2827
7750	3966	2853
7750	3966	2853
7750	3966	2853
7750	3966	2853
7750	3966	2853
7750	3966	2853
7750	3966	2853
7750	3966	2853
7750	3966	2853
7750	3966	2853
7750	3966	2853
7750	3966	2853
7800	3992	2878
7800	3992	2878
7800	3992	2878
7800	3992	2878
7800	3992	2878
7800	3992	2878
7800	3992	2878
7800	3992	2878
7800	3992	2878
7800	3992	2878
7800	3992	2878
7800	3992	2878
7850	4018	2904
7850	4018	2904
7850	4018	2904
7850	4018	2904
7850	4018	2904
7850	4018	2904
7850	4018	2904
7850	4018	2904
7850	4018	2904
7850	4018	2904
7850	4018	2904
7850	4018	2904
7900	4043	2930
7900	4043	2930
7900	4043	2930
7900	4043	2930
7900	4043	2930
7900	4043	2930
7900	4043	2930
7900	4043	2930
7900	4043	2930
7900	4043	2930
7900	4043	2930
7900	4043	2930
7950	4069	2956
7950	4069	2956
7950	4069	2956
7950	4069	2956
7950	4069	2956
7950	4069	2956
7950	4069	2956
7950	4069	2956
7950	4069	2956
7950	4069	2956
7950	4069	2956
7950	4069	2956
7950	4069	2956
7950	4069	2956
7950	4069	2956
8000	4095	2982
8000	4095	2982
8000	4095	2982
8000	4095	2982
8000	4095	2982
8000	4095	2982
8000	4095	2982
8000	4095	2982
8000	4095	2982
8000	4095	2982
8000	4095	2982
8000	4095	2982
8050	4121	3007
8050	4121	3007
8050	4121	3007
8050	4121	3007
8050	4121	3007
8050	4121	3007
8050	4121	3007
8050	4121	3007
8050	4121	3007
8050	4121	3007
8050	4121	3007
8050	4121	3007
8100	4146	3033
8100	4146	3033
8100	4146	3033
8100	4146	3033
8100	4146	3033
8100	4146	3033
8100	4146	3033
8100	4146	3033
8100	4146	3033
8100	4146	3033
8100	4146	3033
8100	4146	3059
8150	4172	3059
8150	4172	3059
8150	4172	3059
8150	4172	3059
8150	4172	3059
8150	4172	3059
8150	4172	3059
8150	4172	3059
8150	4172	3059
8150	4172	3059
8150	4172	3059
8200	4198	3085
8200	4198	3085
8200	4198	3085
8200	4198	3085
8200	4198	3085
8200	4198	3085
8200	4198	3085
8200	4198	3085
8200	4198	3085
8200	4198	3085
8200	4198	3085
8200	4198	3085
8250	4224	3110
8250	4224	3110
8250	4224	3110
8250	4224	3110
8250	4224	3110
8250	4224	3110
8250	4224	3110
8250	4224	3110
8250	4224	3110
8250	4224	3110
8250	4224	3110
8250	4224	3110
8250	4224	3110
8250	4224	3110
8250	4224	3110
8250	4224	3110
8300	4250	3136
8300	4250	3136
8300	4250	3136
8300	4250	3136
8300	4250	3136
8300	4250	3136
8300	4250	3136
8300	4250	3136
8300	4250	3136
8300	4250	3136
8300	4250	3136
8300	4250	3136
8350	4275	3162
8350	4275	3162
8350	4275	3162
8350	4275	3162
8350	4275	3162
8350	4275	3162
8350	4275	3162
8350	4275	3162
8350	4275	3162
8350	4275	3162
8350	4275	3162
8400	4301	3188
8400	4301	3188
8400	4301	3188
8400	4301	3188
8400	4301	3188
8400	4301	3188
8400	4301	3188
8400	4301	3188
8400	4301	3188
8400	4301	3188
8400	4301	3188
8400	4301	3188
8450	4327	3214
8450	4327	3214
8450	4327	3214
8450	4327	3214
8450	4327	3214
8450	4327	3214
8450	4327	3214
8450	4327	3214
8450	4327	3214
8450	4327	3214
8450	4327	3214
8450	4327	3214
8450	4327	3214
8500	4353	3239
8500	4353	3239
8500	4353	3239
8500	4353	3239
8500	4353	3239
8500	4353	3239
8500	4353	3239
8500	4353	3239
8500	4353	3239
8500	4353	3239
8500	4353	3239
8500	4353	3239
8550	4379	3265
8550	4379	3265
8550	4379	3265
8550	4379	3265
8550	4379	3265
8550	4379	3265
8550	4379	3265
8550	4379	3265
8550	4379	3265
8550	4379	3265
8550	4379	3265
8550	4379	3265
8550	4379	3265
8550	4379	3265
8550	4379	3265
8550	4379	3265
8600	4404	3291
8600	4404	3291
8600	4404	3291
8600	4404	3291
8600	4404	3291
8600	4404	3291
8600	4404	3291
8600	4404	3291
8600	4404	3291
8600	4404	3291
8600	4404	3291
8650	4430	3317
8650	4430	3317
8650	4430	3317
8650	4430	3317
8650	4430	3317
8650	4430	3317
8650	4430	3317
8650	4430	3317
8650	4430	3317
8650	4430	3317
8650	4430	3317
8650	4430	3317
8700	4456	3342
8700	4456	3342
8700	4456	3342
8700	4456	3342
8700	4456	3342
8700	4456	3342
8700	4456	3342
8700	4456	3342
8700	4456	3342
8700	4456	3342
8700	4456	3342
8700	4456	3342
8700	4456	3342
8750	4482	3368
8750	4482	3368
8750	4482	3368
8750	4482	3368
8750	4482	3368
8750	4482	3368
8750	4482	3368
8750	4482	3368
8750	4482	3368
8750	4482	3368
8750	4482	3368
8750	4482	3368
8800	4507	3394
8800	4507	3394
8800	4507	3394
8800	4507	3394
8800	4507	3394
8800	4507	3394
8800	4507	3394
8800	4507	3394
8800	4507	3394
8800	4507	3394
8800	4507	3394
8800	4507	3394
8800	4507	3394
8800	4507	3394
8800	4507	3394
8800	4507	3394
8850	4533	3420
8850	4533	3420
8850	4533	3420
8850	4533	3420
8850	4533	3420
8850	4533	3420
8850	4533	3420
8850	4533	3420
8850	4533	3420
8850	4533	3420
8850	4533	3420
8900	4559	3446
8900	4559	3446
8900	4559	3446
8900	4559	3446
8900	4559	3446
8900	4559	3446
8900	4559	3446
8900	4559	3446
8900	4559	3446
8900	4559	3446
8900	4559	3446
8900	4559	3446
8950	4585	3471
8950	4585	3471
8950	4585	3471
8950	4585	3471
8950	4585	3471
8950	4585	3471
8950	4585	3471
8950	4585	3471
8950	4585	3471
8950	4585	3471
8950	4585	3471
8950	4585	3471
8950	4611	3497
9000	4611	3497
9000	4611	3497
9000	4611	3497
9000	4611	3497
9000	4611	3497
9000	4611	3497
9000	4611	3497
9000	4611	3497
9000	4611	3497
9000	4611	3497
9000	4611	3497
9000	4611	3497
9000	4611	3497
9000	4611	3497
9000	4611	3497
9000	4611	3497
9000	4611	3497
9000	4611	3497
9000	4611	3497
9000	4611	3497
9000	4611	3497
9050	4636	3523
9050	4636	3523
9050	4636	3523
9050	4636	3523
9050	4636	3523
9050	4636	3523
9050	4636	3523
9050	4636	3523
9050	4636	3523
9050	4636	3523
9050	4636	3523
9050	4636	3523
9050	4636	3523
9050	4636	3523
9050	4636	3523
9050	4636	3523
9050	4636	3523
9050	4636	3523
9050	4636	3523
9050	4636	3523
9050	4636	3523
9050	4636	3523
9100	4662	3535
9100	4662	3535
9100	4662	3535
9100	4662	3535
9100	4662	3535
9100	4662	3535
9100	4662	3535
9100	4662	3535
9100	4662	3535
9100	4662	3535
9100	4662	3535
9100	4662	3535
9100	4662	3535
9100	4662	3535
9100	4662	3535
9100	4662	3535
9100	4662	3535
9100	4662	3535
9100	4662	3535
9100	4662	3535
9100	4662	3535
9100	4662	3535
9100	4662	3535
9100	4662	3535
9100	4662	3535
9100	4662	3535
9100	4662	3535
9100	4662	3535
9100	4662	3535
9100	4662	3535
9150	4688	3536
9150	4688	3536
9150	4688	3536
9150	4688	3536
9150	4688	3536
9150	4688	3536
9150	4688	3536
9150	4688	3536
9150	4688	3536
9150	4688	3536
9150	4688	3536
9150	4688	3536
9150	4688	3536
9150	4688	3536
9150	4688	3536
9150	4688	3536
9150	4688	3536
9150	4688	3536
9150	4688	3536
9150	4688	3536
9150	4688	3536
9200	4714	3536
9200	4714	3536
9200	4714	3536
9200	4714	3536
9200	4714	3536
9200	4714	3536
9200	4714	3536
9200	4714	3536
9200	4714	3536
9200	4714	3536
9200	4714	3536
9200	4714	3536
9200	4714	3536
9200	4714	3536
9200	4714	3536
9200	4714	3536
9200	4714	3536
9200	4714	3536
9200	4714	3536
9200	4714	3536
9200	4714	3536
9200	4714	3536
9250	4739	3536
9250	4739	3536
9250	4739	3536
9250	4739	3536
9250	4739	3536
9250	4739	3536
9250	4739	3536
9250	4739	3536
9250	4739	3536
9250	4739	3536
9250	4739	3536
9250	4739	3536
9250	4739	3536
9250	4739	3536
9250	4739	3536
9250	4739	3536
9250	4739	3536
9250	4739	3536
9250	4739	3536
9250	4739	3536
9250	4739	3536
9250	4739	3536
9300	4765	3536
9300	4765	3536
9300	4765	3536
9300	4765	3536
9300	4765	3536
9300	4765	3536
9300	4765	3536
9300	4765	3536
9300	4765	3536
9300	4765	3536
9300	4765	3536
9300	4765	3536
9300	4765	3536
9300	4765	3536
9300	4765	3536
9300	4765	3536
9300	4765	3536
9300	4765	3536
9300	4765	3536
9300	4765	3536
9300	4765	3536
9300	4765	3536
9350	4791	3536
9350	4791	3536
9350	4791	3536
9350	4791	3536
9350	4791	3536
9350	4791	3536
9350	4791	3536
9350	4791	3536
9350	4791	3536
9350	4791	3536
9350	4791	3536
9350	4791	3536
9350	4791	3536
9350	4791	3536
9350	4791	3536
9350	4791	3536
9350	4791	3536
9350	4791	3536
9350	4791	3536
9350	4791	3536
9350	4791	3536
9350	4791	3536
9350	4791	3536
9350	4791	3536
9350	4791	3536
9350	4791	3536
9350	4791	3536
9350	4791	3536
9350	4791	3536
9350	4817	3536
9400	4817	3536
9400	4817	3536
9400	4817	3536
9400	4817	3536
9400	4817	3536
9400	4817	3536
9400	4817	3536
9400	4817	3536
9400	4817	3536
9400	4817	3536
9400	4817	3536
9400	4817	3536
9400	4817	3536
9400	4817	3536
9400	4817	3536
9400	4817	3536
9400	4817	3536
9400	4817	3536
9400	4817	3536
9400	4817	3536
9400	4817	3536
9400	4817	3536
9450	4843	3536
9450	4843	3536
9450	4843	3536
9450	4843	3536
9450	4843	3536
9450	4843	3536
9450	4843	3536
9450	4843	3536
9450	4843	3536
9450	4843	3536
9450	4843	3536
9450	4843	3536
9450	4843	3536
9450	4843	3536
9450	4843	3536
9450	4843	3536
9450	4843	3536
9450	4843	3536
9450	4843	3536
9450	4843	3536
9450	4843	3536
9500	4868	3536
9500	4868	3536
9500	4868	3536
9500	4868	3536
9500	4868	3536
9500	4868	3536
9500	4868	3536
9500	4868	3536
9500	4868	3536
9500	4868	3536
9500	4868	3536
9500	4868	3536
9500	4868	3536
9500	4868	3536
9500	4868	3536
9500	4868	3536
9500	4868	3536
9500	4868	3536
9500	4868	3536
9500	4868	3536
9500	4868	3536
9500	4868	3536
9550	4894	3536
9550	4894	3536
9550	4894	3536
9550	4894	3536
9550	4894	3536
9550	4894	3536
9550	4894	3536
9550	4894	3536
9550	4894	3536
9550	4894	3536
9550	4894	3536
9550	4894	3536
9550	4894	3536
9550	4894	3536
9550	4894	3536
9550	4894	3536
9550	4894	3536
9550	4894	3536
9550	4894	3536
9550	4894	3536
9550	4894	3536
9550	4894	3536
9600	4920	3536
9600	4920	3536
9600	4920	3536
9600	4920	3536
9600	4920	3536
9600	4920	3536
9600	4920	3536
9600	4920	3536
9600	4920	3536
9600	4920	3536
9600	4920	3536
9600	4920	3536
9600	4920	3536
9600	4920	3536
9600	4920	3536
9600	4920	3536
9600	4920	3536
9600	4920	3536
9600	4920	3536
9600	4920	3536
9600	4920	3536
9650	4946	3536
9650	4946	3536
9650	4946	3536
9650	4946	3536
9650	4946	3536
9650	4946	3536
9650	4946	3536
9650	4946	3536
9650	4946	3536
9650	4946	3536
9650	4946	3536
9650	4946	3536
9650	4946	3536
9650	4946	3536
9650	4946	3536
9650	4946	3536
9650	4946	3536
9650	4946	3536
9650	4946	3536
9650	4946	3536
9650	4946	3536
9650	4946	3536
9650	4946	3536
9650	4946	3536
9650	4946	3536
9650	4946	3536
9650	4946	3536
9650	4946	3536
9650	4946	3536
9700	4972	3536
9700	4972	3536
9700	4972	3536
9700	4972	3536
9700	4972	3536
9700	4972	3536
9700	4972	3536
9700	4972	3536
9700	4972	3536
9700	4972	3536
9700	4972	3536
9700	4972	3536
9700	4972	3536
9700	4972	3536
9700	4972	3536
9700	4972	3536
9700	4972	3536
9700	4972	3536
9700	4972	3536
9700	4972	3536
9700	4972	3536
9700	4972	3536
9750	4997	3536
9750	4997	3536
9750	4997	3536
9750	4997	3536
9750	4997	3536
9750	4997	3536
9750	4997	3536
9750	4997	3536
9750	4997	3536
9750	4997	3536
9750	4997	3536
9800	5023	3536
9800	5023	3536
9800	5023	3536
9800	5023	3536
9800	5023	3536
9800	5023	3536
9800	5023	3536
9800	5023	3536
9800	5023	3536
9800	5023	3536
9800	5023	3536
9800	5023	3536
9850	5049	3553
9850	5049	3553
9850	5049	3553
9850	5049	3553
9850	5049	3553
9850	5049	3553
9850	5049	3553
9850	5049	3553
9850	5049	3553
9850	5049	3553
9850	5049	3553
9900	5075	3579
9900	5075	3579
9900	5075	3579
9900	5075	3579
9900	5075	3579
9900	5075	3579
9900	5075	3579
9900	5075	3579
9900	5075	3579
9900	5075	3579
9900	5075	3579
9900	5075	3579
9900	5075	3579
9900	5075	3579
9900	5075	3579
9950	5100	3605
9950	5100	3605
9950	5100	3605
9950	5100	3605
9950	5100	3605
9950	5100	3605
9950	5100	3605
9950	5100	3605
9950	5100	3605
9950	5100	3605
9950	5100	3605
10000	5126	3631
10000	5126	3631
10000	5126	3631
10000	5126	3631
10000	5126	3631
10000	5126	3631
10000	5126	3631
10000	5126	3631
10000	5126	3631
10000	5126	3631
10000	5126	3631